1009
1012
1015
1017
1025
1027
1036
1039
1042
1052
1056
1072
1075
1080
1103
1105
1106
1108
1110
1111
1113
1120
1123
1133
1135
1139
1145
1151
1152
1154
1158
1163
1173
1177
1178
1181
1186
1194
1203
1206
1214
1215
1218
1225
1236
1241
1275
1276
1277
1281
1288
1304
1308
1311
1314
1322
1338
1345
1349
1355
1363
1380
1398
1406
1444
1449
1454
1468
1494
1503
1518
1521
1528
1553
1554
1576
1587
1593
1596
1601
1608
1615
1622
1623
1629
1632
1634
1636
1643
1645
1650
1687
1700
1708
1710
1712
1713
1727
1728
1731
1737
1741
1742
1744
1750
1756
1764
1766
1771
1772
1784
1791
1794
1797
1832
1834
1835
1840
1861
1876
1877
1882
1901
1903
1906
1920
1926
1930
1935
1939
1940
1948
1957
1960
1961
1963
1967
1968
1976
1982
1984
1989
1990
1996
1997
1998
2001
2008
2015
2020
2032
2035
2040
2041
2044
2062
2063
2065
2067
2068
2077
2086
2088
2101
2102
2104
2112
2121
2125
2128
2129
2132
2139
2140
2143
2157
2171
2176
2185
2188
2200
2201
2202
2210
2215
2217
2229
2233
2244
2248
2249
2251
2252
2253
2259
2262
2273
2278
2285
2289
2295
2302
2309
2315
2326
2327
2339
2340
2342
2346
2350
2363
2367
2378
2380
2383
2387
2388
2395
2397
2416
2418
2424
2425
2431
2433
2444
2445
2456
2462
2467
2469
2470
2472
2485
2487
2489
2499
2501
2507
2509
2514
2522
2525
2526
2529
2530
2532
2534
2548
2558
2560
2561
2566
2576
2578
2586
2587
2592
2593
2594
2599
2600
2602
2605
2609
2611
2614
2617
2623
2624
2632
2637
2641
2642
2644
2645
2646
2656
2657
2669
2674
2681
2697
2701
2703
2705
2714
2719
2724
2731
2740
2741
2742
2743
2755
2763
2767
2774
2775
2793
2817
2818
2823
2829
2837
2840
2844
2849
2850
2859
2865
2870
2871
2873
2877
2880
2881
2885
2888
2890
2893
2894
2902
2908
2909
2911
2913
2915
2916
2917
2918
2919
2928
2930
2939
2942
2944
2947
2954
2955
2957
2958
2962
2964
2965
2967
2972
2978
2980
2984
2986
2989
2992
2999
3014
3020
3021
3025
3033
3034
3035
3037
3038
3043
3048
3054
3055
3075
3076
3077
3080
3096
3098
3100
3101
3104
3110
3112
3114
3115
3118
3124
3126
3128
3147
3149
3160
3162
3163
3164
3167
3170
3174
3176
3180
3184
3194
3206
3208
3215
3217
3219
3223
3227
3233
3239
3240
3244
3246
3247
3258
3273
3289
3291
3293
3303
3305
3306
3310
3314
3316
3317
3321
3325
3330
3338
3339
3343
3351
3352
3356
3358
3370
3371
3372
3375
3376
3380
3381
3383
3384
3388
3390
3399
3412
3417
3419
3420
3438
3441
3446
3448
3449
3452
3456
3459
3463
3464
3468
3469
3471
3473
3479
3480
3482
3486
3489
3494
3497
3500
3501
3503
3505
3508
3515
3516
3521
3533
3540
3552
3553
3560
3561
3565
3567
3574
3582
3586
3588
3597
3602
3604
3616
3620
3624
3632
3633
3635
3640
3644
3645
3646
3647
3649
3669
3678
3681
3690
3693
3694
3705
3710
3711
3713
3715
3721
3725
3731
3734
3738
3747
3748
3757
3762
3771
3776
3778
3781
3791
3793
3794
3796
3801
3803
3807
3816
3817
3822
3825
3833
3835
3838
3843
3846
3855
3856
3859
3861
3863
3864
3867
3868
3871
3873
3875
3877
3881
3887
3893
3894
3898
3900
3901
3906
3910
3911
3913
3916
3921
3922
3926
3929
3938
3943
3944
3945
3951
3952
3953
3957
3960
3963
3968
3972
3985
3989
3993
3997
4000
4001
4003
4008
4015
4028
4030
4038
4042
4044
4049
4055
4065
4072
4076
4085
4086
4099
4102
4103
4110
4117
4121
4132
4133
4141
4142
4144
4145
4148
4152
4155
4157
4167
4168
4169
4170
4176
4177
4179
4180
4185
4190
4191
4194
4195
4200
4204
4213
4219
4222
4223
4228
4234
4237
4249
4256
4258
4263
4264
4269
4284
4290
4305
4306
4314
4318
4320
4323
4327
4329
4330
4332
4333
4338
4339
4340
4350
4358
4359
4365
4372
4376
4383
4391
4392
4394
4397
5398
5401
5403
5406
5408
5409
5417
5418
5419
5420
5428
5434
5437
5442
5451
5459
5467
5470
5475
5476
5482
5484
5496
5504
5508
5515
5524
5526
5528
5536
5542
5544
5545
5551
5565
5568
5569
5573
5578
5579
5580
5581
5583
5590
5592
5593
5602
5605
5609
5634
5636
5644
5646
5647
5652
5654
5660
5665
5666
5676
5681
5691
5693
5695
5698
5705
5708
5714
5723
5727
5728
5738
5739
5743
5748
5753
5754
5765
5769
5772
5789
5792
5794
5813
5817
5829
5838
5839
5842
5849
5850
5855
5856
5861
5871
5878
5882
5884
5894
5897
5901
5917
5927
5933
5936
5959
5961
5968
5970
5975
5983
5992
6000
6004
6006
6019
6025
6026
6027
6034
6057
6058
6066
6076
6078
6079
6080
6081
6085
6095
6098
6099
6101
6107
6123
6132
6135
6140
6144
6145
6147
6149
6152
6157
6158
6159
6160
6166
6170
6178
6179
6187
6189
6192
6193
6196
6198
6199
6209
6214
6216
6217
6225
6226
6230
6240
6245
6249
6268
6269
6271
6274
6279
6280
6281
6285
6286
6294
6296
6297
6300
6309
6310
6317
6319
6321
6322
6323
6324
6328
6334
6337
6349
6351
6352
6361
6365
6374
6379
6405
6424
6427
6442
6460
6465
6467
6474
6478
6479
6486
6487
6488
6491
6497
6505
6510
6511
6520
6529
6557
6577
6579
6580
6582
6596
6598
6600
6608
6610
6612
6616
6618
6622
6632
6639
6640
6643
6649
6650
6651
6653
6655
6658
6660
6670
6672
6673
6676
6677
6678
6694
6697
6717
6722
6728
6732
6737
6738
6741
6742
6743
6754
6755
6768
6781
6784
6789
6791
6804
6811
6814
6815
6829
6834
6845
6859
6872
6890
6895
6896
6903
6917
6918
6924
6925
6950
6956
6957
6958
6962
6964
6967
6977
6980
6984
6986
7004
7007
7010
7016
7017
7033
7035
7037
7038
7046
7048
7049
7051
7057
7063
7065
7078
7079
7091
7093
7102
7103
7104
7105
7107
7108
7112
7119
7133
7148
7151
7154
7157
7181
7182
7184
7185
7188
7195
7198
7200
7206
7210
7213
7218
7219
7221
7223
7238
7241
7244
7252
7253
7254
7255
7256
7258
7261
7266
7268
7270
7280
7306
7307
7311
7320
7331
7336
7350
7354
7356
7359
7363
7364
7366
7367
7379
7385
7397
7404
7410
7415
7416
7421
7427
7429
7430
7453
7455
7481
7482
7501
7514
7515
7519
7521
7526
7528
7530
7532
7543
7548
7556
7559
7568
7572
7574
7576
7580
7601
7603
7605
7610
7615
7620
7627
7634
7646
7653
7654
7661
7663
7667
7669
7671
7672
7678
7681
7685
7688
7695
7697
7698
7699
7710
7711
7714
7726
7727
7732
7750
7751
7763
7764
7767
7768
7772
7774
7776
7786
7791
7796
7800
7804
7806
7813
7818
7824
7825
7836
7844
7845
7849
7855
7868
7871
7878
7881
7891
7903
7911
7920
7922
7923
7924
7925
7937
7944
7952
7959
7961
7964
7968
7975
7980
7984
7990
7992
7999
8001
8009
8010
8011
8022
8024
8027
8042
8044
8047
8051
8053
8059
8062
8066
8068
8070
8075
8077
8079
8083
8084
8088
8097
8098
8101
8103
8104
8106
8108
8118
8122
8123
8127
8134
8143
8146
8161
8164
8166
8167
8190
8200
8206
8207
8208
8222
8223
8225
8227
8230
8235
8240
8241
8243
8247
8250
8260
8263
8273
8275
8292
8294
8297
8298
8299
8308
8312
8317
8327
8328
8332
8338
8339
8350
8355
8356
8360
8363
8366
8373
8374
8378
8381
8392
8399
8404
8416
8427
8434
8459
8465
8469
8478
8482
8484
8492
8497
8499
8501
8508
8523
8537
8542
8546
8547
8548
8549
8560
8563
8564
8566
8571
8578
8581
8591
8592
8593
8595
8606
8611
8614
8622
8625
8626
8635
8638
8640
8643
8645
8648
8652
8654
8656
8661
8670
8674
8682
8682
8694
8703
8717
8719
8729
8732
8736
8737
8743
8765
8766
8806
8809
8812
8814
8833
8834
8839
8840
8847
8848
8853
8870
8883
8895
8897
8900
8909
8916
8917
8931
8933
8936
8942
8952
8969
8981
8989
8992
8996
8998
9002
9003
9008
9011
9020
9022
9023
9024
9025
9045
9055
9057
9062
9066
9067
9070
9084
9099
9106
9107
9108
9109
9111
9123
9135
9139
9144
9147
9149
9152
9161
9166
9172
9184
9187
9190
9191
9217
9222
9227
9228
9231
9233
9236
9250
9252
9265
9272
9285
9291
9293
9304
9310
9311
9313
9324
9326
9328
9331
9336
9342
9347
9356
9360
9362
9364
9376
9385
9394
9405
9407
9418
9419
9424
9425
9445
9450
9454
9473
9477
9493
9497
9498
9500
9507
9512
9518
9519
9529
9531
9539
9541
9545
9550
9554
9564
9567
9568
9595
9605
9614
9623
9639
9643
9655
9659
9664
9676
9683
9687
9691
9697
9698
9709
9727
9729
9731
9739
9785
9788
9800
9812
9819
9822
9823
9830
9848
9869
9870
9872
9886
9887
9891
9898
9899
9911
9922
9923
9927
9934
9971
9974
9984
10009
10032
10041
10045
10048
10057
10058
10069
10077
10085
10113
10116
10117
10166
10176
10177
10178
10181
10188
10192
10212
10220
10229
10232
10235
10248
10264
10268
10303
10314
10355
10356
10357
10364
10365
10369
10386
10392
10402
10412
10419
10420
10428
10433
10436
10452
10453
10454
10460
10463
10473
10474
10502
10515
10534
10564
10567
10568
10587
10591
10594
10598
10625
10627
10632
10644
10671
10676
10701
10703
10705
10711
10739
10780
10801
10802
10814
10821
10828
10834
10836
10845
10857
10863
10865
10868
10890
10895
10902
10917
10918
10940
10942
10958
10960
10972
10976
10990
10992
10998
11013
11032
11036
11044
11073
11075
11079
11082
11109
11117
11129
11132
11152
11164
11183
11187
11189
11219
11222
11261
11265
11284
11288
11311
11316
11354
11373
11396
11410
11426
11436
11454
